original = 111.7
28% increase
(142.0,
 [0.06,
  0.01000391970433216,
  0.010004679009942794,
  0.010571155698397058,
  0.02838156376050121,
  0.06,
  0.01,
  0.026950558015569063,
  0.05964617871274231,
  0.02473498277982783,
  0.06,
  0.06,
  0.05768111320181184,
  0.05879580921751106,
  0.06,
  0.05626310296319071,
  0.06,
  0.06,
  0.05433815171556094,
  0.06,
  0.05993709952020269,
  0.010056895680290182,
  0.01,
  0.010011091402771483,
  0.01,
  0.01,
  0.02976049176817533,
  0.025831663259683123,
  0.016488711542706414,
  0.0346998656202295,
  0.06,
  0.0598426736577781,
  0.06,
  0.05995222407912327,
  0.05996445142169352,
  0.05994963341058702,
  0.058563876333185376,
  0.059459312809252624,
  0.06,
  0.05997487906645918])