-7.248334320000001298e+02
-7.258655261861557619e+02
-7.268764870766572130e+02
-7.278666498083836132e+02
-7.288363682234934231e+02
-7.297860147016999690e+02
-7.307159799798675976e+02
-7.316266729590081468e+02
-7.325185204987629959e+02
-7.333919671994641476e+02
-7.342474751718777952e+02
-7.350855237947409933e+02
-7.359066094602081876e+02
-7.367112453073368670e+02
-7.374999609437415984e+02
-7.382733021555641244e+02
-7.390318306059035649e+02
-7.397761235218672482e+02
-7.405067733704064494e+02
-7.412243875231064294e+02
-7.419295879101132414e+02
-7.426230106633832975e+02
-7.433053057494466884e+02
-7.439771365918895754e+02
-7.446391796837573338e+02
-7.452921241900988889e+02
-7.459366715408700657e+02
-7.465735350144209406e+02
-7.472034393118077560e+02
-7.478271201221639330e+02
-7.484453236793781343e+02
-7.490588063103318746e+02
-7.496683339749550896e+02
-7.502746817983630763e+02
-7.508786335953429898e+02
-7.514809813874661586e+02
-7.520825249131056580e+02
-7.526840711306423373e+02
-7.532864337151514746e+02
-7.538904325488629183e+02
-7.544968932056929134e+02
-7.551066464301535461e+02
-7.557205276109431225e+02
-7.563393762495328474e+02
-7.569640354240623310e+02
-7.575953512488634942e+02
-7.582341723299332443e+02
-7.588813492166852939e+02
-7.595377338503005831e+02
-7.602041790090174800e+02
-7.608815377506870163e+02
-7.615706628529337650e+02
-7.622724062512601222e+02
-7.629876184754313044e+02
-7.637171480844885991e+02
-7.644618411007271561e+02
-7.652225404429904074e+02
-7.660000853596225170e+02
-7.667953108614270832e+02
-7.676090471549800895e+02
-7.684421190766461223e+02
-7.692953455276442583e+02
-7.701695389105143477e+02
-7.710655045673303221e+02
-7.719840402200101153e+02
-7.729259354130697375e+02
-7.738919709591659739e+02
-7.748829183877766127e+02
-7.758995393973607406e+02
-7.769425853113427820e+02
-7.780127965382608863e+02
-7.791109020364216349e+02
-7.802376187833953054e+02
-7.813936512506902545e+02
-7.825796908839361095e+02
-7.837964155889081894e+02
-7.850444892237194381e+02
-7.863245610975038744e+02
-7.876372654759124998e+02
-7.889832210937380523e+02
-7.903630306749838610e+02
-7.917772804606860291e+02
-7.932265397447912392e+02
-7.947113604183974758e+02
-7.962322765226481351e+02
-7.977898038105764726e+02
-7.993844393181832402e+02
-8.010166609450350279e+02
-8.026869270446532028e+02
-8.043956760249723175e+02
-8.061433259591289016e+02
-8.079302742068413181e+02
-8.097568970466384144e+02
-8.116235493191807109e+02
-8.135305640819184418e+02
-8.154782522753229159e+02
-8.174669024009170926e+02
-8.194967802113307016e+02
-8.215681284125942057e+02
-8.236811663788795386e+02
-8.258360898798903236e+02
-8.280330708210938155e+02
-8.302722569969838560e+02
-8.325537718575518511e+02
-8.348777142881383497e+02
-8.372441584028287025e+02
-8.396531533515505998e+02
-8.421047231410180984e+02
-8.445988664696656087e+02
-8.471355565767029248e+02
-8.497147411054124859e+02
-8.523363419808081289e+02
-8.550002553017600349e+02
-8.577063512476836422e+02
-8.604544739998844989e+02
-8.632444416776388607e+02
-8.660760462890843883e+02
-8.689490536969810819e+02
-8.718632035994043008e+02
-8.748182095254067008e+02
-8.778137588456976346e+02
-8.808495127983588873e+02
-8.839251065296215302e+02
-8.870401491497144661e+02
-8.901942238037838706e+02
-8.933868877578792080e+02
-8.966176724999875205e+02
-8.998860838560912043e+02
-9.031916021212166470e+02
-9.065336822054284767e+02
-9.099117537947188339e+02
-9.133252215267286829e+02
-9.167734651812353377e+02
-9.202558398853226436e+02
-9.237716763331486618e+02
-9.273202810202151340e+02
-9.309009364920318603e+02
-9.345129016070630996e+02
-9.381554118138332115e+02
-9.418276794420615943e+02
-9.455288940076853805e+02
-9.492582225316233462e+02
-9.530148098721266479e+02
-9.567977790705456300e+02
-9.606062317103485384e+02
-9.644392482892048974e+02
-9.682958886039469917e+02
-9.721751921482140233e+02
-9.760761785225716949e+02
-9.799978478568996252e+02
-9.839391812448229757e+02
-9.878991411899621653e+02
-9.918766720637706840e+02
-9.958707005747124867e+02
-9.998801362485386335e+02
-1.003903871919400558e+03
-1.007940784231544967e+03
-1.011989734151315361e+03
-1.016049567489193578e+03
-1.020119115431590899e+03
-1.024197195082108692e+03
-1.028282610011973475e+03
-1.032374150819348415e+03
-1.036470595697210683e+03
-1.040570711009498837e+03
-1.044673251875199639e+03
-1.048776962760065089e+03
-1.052880578075629501e+03
-1.056982822785202870e+03
-1.061082413016495366e+03
-1.065178056680551435e+03
-1.069268454096635651e+03
-1.073352298622732405e+03
-1.077428277291308859e+03
-1.081495071449988245e+03
-1.085551357406771785e+03
-1.089595807079458154e+03
-1.093627088648894187e+03
-1.097643867215686896e+03
-1.101644805460021871e+03
-1.105628564304203110e+03
-1.109593803577557992e+03
-1.113539182683322224e+03
-1.117463361267137998e+03
-1.121364999886784744e+03
-1.125242760682767539e+03
-1.129095308049384812e+03
-1.132921309305897921e+03
-1.136719435367420601e+03
-1.140488361415151530e+03
-1.144226767565574164e+03
-1.147933339538235941e+03
-1.151606769321738057e+03
-1.155245755837554043e+03
-1.158849005601300178e+03
-1.162415233381081862e+03
-1.165943162852546720e+03
-1.169431527250265390e+03
-1.172879070015073694e+03
-1.176284545437007409e+03
-1.179646719293460592e+03
-1.182964369482208440e+03
-1.186236286648929308e+03
-1.189461274808870485e+03
-1.192638151962302118e+03
-1.195765750703406866e+03
-1.198842918822259662e+03
-1.201868519899551757e+03
-1.204841433893717294e+03
-1.207760557720130237e+03
-1.210624805822038752e+03
-1.213433110732907380e+03
-1.216184423629847288e+03
-1.218877714877818562e+03
-1.221511974564289631e+03
-1.224086213024047083e+03
-1.226599461353860761e+03
-1.229050771916697840e+03
-1.231439218835207612e+03
-1.233763898474184543e+03
-1.236023929911739515e+03
-1.238218455398903643e+03
-1.240346640807400945e+03
-1.242407676065337000e+03
-1.244400775580544178e+03
-1.246325178651350825e+03
-1.248180149864527266e+03
-1.249964979480188731e+03
-1.251678983803425126e+03
-1.253321505542451177e+03
-1.254891914153068456e+03
-1.256389606169234185e+03
-1.257814005519557668e+03
-1.259164563829533336e+03
-1.260440760709339656e+03
-1.261642104027037476e+03
-1.262768130167009303e+03
-1.263818404273492661e+03
-1.264792520479064933e+03
-1.265690102117949209e+03
-1.266510801924016050e+03
-1.267254302213369783e+03
-1.267920315051413809e+03
-1.268508582404293520e+03
-1.269018876274637933e+03
-1.269450998821511803e+03
-1.269804782464519803e+03
-1.270080089971992265e+03
-1.270276814533208835e+03
-1.270394879814614796e+03
-1.270434240000000273e+03
-1.270394879814614796e+03
-1.270276814533208835e+03
-1.270080089971992265e+03
-1.269804782464519803e+03
-1.269450998821511803e+03
-1.269018876274637933e+03
-1.268508582404293520e+03
-1.267920315051413809e+03
-1.267254302213369783e+03
-1.266510801924016050e+03
-1.265690102117949209e+03
-1.264792520479064933e+03
-1.263818404273492661e+03
-1.262768130167009076e+03
-1.261642104027037476e+03
-1.260440760709339656e+03
-1.259164563829533336e+03
-1.257814005519557668e+03
-1.256389606169233957e+03
-1.254891914153068456e+03
-1.253321505542451177e+03
-1.251678983803424899e+03
-1.249964979480188504e+03
-1.248180149864527493e+03
-1.246325178651350825e+03
-1.244400775580544178e+03
-1.242407676065337000e+03
-1.240346640807400945e+03
-1.238218455398903643e+03
-1.236023929911739515e+03
-1.233763898474184543e+03
-1.231439218835207839e+03
-1.229050771916697840e+03
-1.226599461353860761e+03
-1.224086213024047083e+03
-1.221511974564289403e+03
-1.218877714877818562e+03
-1.216184423629847288e+03
-1.213433110732907835e+03
-1.210624805822039207e+03
-1.207760557720130237e+03
-1.204841433893717522e+03
-1.201868519899551757e+03
-1.198842918822259662e+03
-1.195765750703406866e+03
-1.192638151962302118e+03
-1.189461274808870485e+03
-1.186236286648929308e+03
-1.182964369482208440e+03
-1.179646719293460592e+03
-1.176284545437007409e+03
-1.172879070015073694e+03
-1.169431527250265162e+03
-1.165943162852546720e+03
-1.162415233381081862e+03
-1.158849005601300178e+03
-1.155245755837554043e+03
-1.151606769321738057e+03
-1.147933339538235941e+03
-1.144226767565574164e+03
-1.140488361415151758e+03
-1.136719435367420601e+03
-1.132921309305898149e+03
-1.129095308049385039e+03
-1.125242760682767766e+03
-1.121364999886784972e+03
-1.117463361267138225e+03
-1.113539182683322224e+03
-1.109593803577557992e+03
-1.105628564304203110e+03
-1.101644805460021871e+03
-1.097643867215687351e+03
-1.093627088648893960e+03
-1.089595807079458154e+03
-1.085551357406771785e+03
-1.081495071449988245e+03
-1.077428277291308859e+03
-1.073352298622732405e+03
-1.069268454096635651e+03
-1.065178056680551435e+03
-1.061082413016495366e+03
-1.056982822785202643e+03
-1.052880578075629728e+03
-1.048776962760065089e+03
-1.044673251875199412e+03
-1.040570711009498609e+03
-1.036470595697210456e+03
-1.032374150819348188e+03
-1.028282610011973475e+03
-1.024197195082108465e+03
-1.020119115431590672e+03
-1.016049567489193805e+03
-1.011989734151315361e+03
-1.007940784231544740e+03
-1.003903871919400558e+03
-9.998801362485386335e+02
-9.958707005747122594e+02
-9.918766720637705703e+02
-9.878991411899621653e+02
-9.839391812448229757e+02
-9.799978478568998526e+02
-9.760761785225720359e+02
-9.721751921482142507e+02
-9.682958886039474464e+02
-9.644392482892050111e+02
-9.606062317103485384e+02
-9.567977790705456300e+02
-9.530148098721267615e+02
-9.492582225316234599e+02
-9.455288940076852668e+02
-9.418276794420615943e+02
-9.381554118138333251e+02
-9.345129016070630996e+02
-9.309009364920320877e+02
-9.273202810202151340e+02
-9.237716763331486618e+02
-9.202558398853226436e+02
-9.167734651812354514e+02
-9.133252215267285692e+02
-9.099117537947188339e+02
-9.065336822054287040e+02
-9.031916021212166470e+02
-8.998860838560913180e+02
-8.966176724999875205e+02
-8.933868877578792080e+02
-8.901942238037838706e+02
-8.870401491497144661e+02
-8.839251065296215302e+02
-8.808495127983590010e+02
-8.778137588456977483e+02
-8.748182095254067008e+02
-8.718632035994043008e+02
-8.689490536969811956e+02
-8.660760462890843883e+02
-8.632444416776388607e+02
-8.604544739998843852e+02
-8.577063512476836422e+02
-8.550002553017600349e+02
-8.523363419808082426e+02
-8.497147411054123722e+02
-8.471355565767029248e+02
-8.445988664696657224e+02
-8.421047231410179847e+02
-8.396531533515505998e+02
-8.372441584028287025e+02
-8.348777142881383497e+02
-8.325537718575518511e+02
-8.302722569969837423e+02
-8.280330708210937019e+02
-8.258360898798902099e+02
-8.236811663788795386e+02
-8.215681284125942057e+02
-8.194967802113305879e+02
-8.174669024009169789e+02
-8.154782522753228022e+02
-8.135305640819185555e+02
-8.116235493191805972e+02
-8.097568970466384144e+02
-8.079302742068412044e+02
-8.061433259591289016e+02
-8.043956760249723175e+02
-8.026869270446532028e+02
-8.010166609450349142e+02
-7.993844393181833539e+02
-7.977898038105763590e+02
-7.962322765226482488e+02
-7.947113604183974758e+02
-7.932265397447912392e+02
-7.917772804606860291e+02
-7.903630306749838610e+02
-7.889832210937380523e+02
-7.876372654759126135e+02
-7.863245610975039881e+02
-7.850444892237194381e+02
-7.837964155889081894e+02
-7.825796908839361095e+02
-7.813936512506902545e+02
-7.802376187833953054e+02
-7.791109020364216349e+02
-7.780127965382610000e+02
-7.769425853113426683e+02
-7.758995393973607406e+02
-7.748829183877767264e+02
-7.738919709591659739e+02
-7.729259354130696238e+02
-7.719840402200101153e+02
-7.710655045673302084e+02
-7.701695389105144613e+02
-7.692953455276443719e+02
-7.684421190766460086e+02
-7.676090471549799759e+02
-7.667953108614270832e+02
-7.660000853596225170e+02
-7.652225404429904074e+02
-7.644618411007270424e+02
-7.637171480844884854e+02
-7.629876184754315318e+02
-7.622724062512602359e+02
-7.615706628529338786e+02
-7.608815377506869027e+02
-7.602041790090174800e+02
-7.595377338503004694e+02
-7.588813492166852939e+02
-7.582341723299333580e+02
-7.575953512488633805e+02
-7.569640354240624447e+02
-7.563393762495329611e+02
-7.557205276109431225e+02
-7.551066464301536598e+02
-7.544968932056930271e+02
-7.538904325488628047e+02
-7.532864337151513610e+02
-7.526840711306423373e+02
-7.520825249131055443e+02
-7.514809813874661586e+02
-7.508786335953429898e+02
-7.502746817983630763e+02
-7.496683339749550896e+02
-7.490588063103318746e+02
-7.484453236793781343e+02
-7.478271201221639330e+02
-7.472034393118077560e+02
-7.465735350144208269e+02
-7.459366715408698383e+02
-7.452921241900990026e+02
-7.446391796837572201e+02
-7.439771365918895754e+02
-7.433053057494466884e+02
-7.426230106633832975e+02
-7.419295879101133551e+02
-7.412243875231063157e+02
-7.405067733704065631e+02
-7.397761235218674756e+02
-7.390318306059034512e+02
-7.382733021555640107e+02
-7.374999609437414847e+02
-7.367112453073367533e+02
-7.359066094602081876e+02
-7.350855237947409933e+02
-7.342474751718779089e+02
-7.333919671994642613e+02
-7.325185204987629959e+02
-7.316266729590080331e+02
-7.307159799798674840e+02
-7.297860147016999690e+02
-7.288363682234935368e+02
-7.278666498083836132e+02
-7.268764870766572130e+02
-7.258655261861556482e+02
-7.248334320000001298e+02
-7.237798882415660273e+02
-7.227045976366500781e+02
-7.216072820427719989e+02
-7.204876825655667290e+02
-7.193455596622336543e+02
-7.181806932320084798e+02
-7.169928826936427413e+02
-7.157819470498758392e+02
-7.145477249388965220e+02
-7.132900746727993919e+02
-7.120088742630475735e+02
-7.107040214329647370e+02
-7.093754336172828516e+02
-7.080230479487858020e+02
-7.066468212320926341e+02
-7.052467299046352309e+02
-7.038227699848920338e+02
-7.023749570079457953e+02
-7.009033259484446035e+02
-6.994079311310534877e+02
-6.978888461284840332e+02
-6.963461636472098917e+02
-6.947799954009733483e+02
-6.931904719721983383e+02
-6.915777426614358774e+02
-6.899419753249733276e+02
-6.882833562007432420e+02
-6.866020897226800344e+02
-6.848983983236761333e+02
-6.831725222272990550e+02
-6.814247192284312860e+02
-6.796552644630137365e+02
-6.778644501670670479e+02
-6.760525854251777673e+02
-6.742199959086464105e+02
-6.723670236034923846e+02
-6.704940265285224541e+02
-6.686013784436747756e+02
-6.666894685488546202e+02
-6.647587011734855196e+02
-6.628094954570018444e+02
-6.608422850205213308e+02
-6.588575176299290206e+02
-6.568556548506255695e+02
-6.548371716941800287e+02
-6.528025562571466480e+02
-6.507523093523010402e+02
-6.486869441325591197e+02
-6.466069857078446148e+02
-6.445129707551769798e+02
-6.424054471222535767e+02
-6.402849734248031837e+02
-6.381521186379949313e+02
-6.360074616821855216e+02
-6.338515910032933789e+02
-6.316851041480909998e+02
-6.295086073347080173e+02
-6.273227150186435210e+02
-6.251280494545811734e+02
-6.229252402543162361e+02
-6.207149239410855444e+02
-6.184977435006159112e+02
-6.162743479291893891e+02
-6.140453917790352989e+02
-6.118115347013565497e+02
-6.095734409872995911e+02
-6.073317791071798410e+02
-6.050872212482673831e+02
-6.028404428514505753e+02
-6.005921221470849787e+02
-5.983429396903366069e+02
-5.960935778963344092e+02
-5.938447205754388278e+02
-5.915970524689358854e+02
-5.893512587854669391e+02
-5.871080247385004895e+02
-5.848680350851523144e+02
-5.826319736666555400e+02
-5.804005229507921513e+02
-5.781743635765764111e+02
-5.759541739014948689e+02
-5.737406295516019554e+02
-5.715344029747576542e+02
-5.693361629973085201e+02
-5.671465743844917142e+02
-5.649662974048560500e+02
-5.627959873989768766e+02
-5.606362943527469724e+02
-5.584878624755166356e+02
-5.563513297833602564e+02
-5.542273276877314174e+02
-5.521164805897735732e+02
-5.500194054805467658e+02
-5.479367115474251477e+02
-5.458689997869147419e+02
-5.438168626241406400e+02
-5.417808835392423816e+02
-5.397616367009152327e+02
-5.377596866073273532e+02
-5.357755877346419311e+02
-5.338098841933591530e+02
-5.318631093926978792e+02
-5.299357857132247318e+02
-5.280284241879319325e+02
-5.261415241919634127e+02
-5.242755731411805300e+02
-5.224310461997496304e+02
-5.206084059969336977e+02
-5.188081023532573681e+02
-5.170305720162141370e+02
-5.152762384056698011e+02
-5.135455113691210727e+02
-5.118387869469487441e+02
-5.101564471478073983e+02
-5.084988597342833714e+02
-5.068663780189425552e+02
-5.052593406708884913e+02
-5.036780715329400095e+02
-5.021228794495298757e+02
-5.005940581054214817e+02
-4.990918858753317977e+02
-4.976166256845389739e+02
-4.961685248805516153e+02
-4.947478151159016306e+02
-4.933547122421208542e+02
-4.919894162149512340e+02
-4.906521110108319021e+02
-4.893429645546980851e+02
-4.880621286591190824e+02
-4.868097389747958914e+02
-4.855859149524312102e+02
-4.843907598159744339e+02
-4.832243605472403942e+02
-4.820867878818920076e+02
-4.809780963167656296e+02
-4.798983241285145596e+02
-4.788474934035390902e+02
-4.778256100791591052e+02
-4.768326639959823865e+02
-4.758686289614119005e+02
-4.749334628242290250e+02
-4.740271075601808093e+02
-4.731494893684962335e+02
-4.723005187792410879e+02
-4.714800907714222262e+02
-4.706880849017415471e+02
-4.699243654438914177e+02
-4.691887815382773397e+02
-4.684811673520496242e+02
-4.678013422493131657e+02
-4.671491109713847436e+02
-4.665242638269535291e+02
-4.659265768920000141e+02
-4.653558122193170448e+02
-4.648117180574758436e+02
-4.642940290790685935e+02
-4.638024666180548934e+02
-4.633367389160356993e+02
-4.628965413772680222e+02
-4.624815568322333093e+02
-4.620914558095612392e+02
-4.617258968161104349e+02
-4.613845266249962265e+02
-4.610669805713608298e+02
-4.607728828556613507e+02
-4.605018468542594974e+02
-4.602534754370869905e+02
-4.600273612921526478e+02
-4.598230872566604148e+02
-4.596402266544969279e+02
-4.594783436398448089e+02
-4.593369935466745346e+02
-4.592157232438686378e+02
-4.591140714957155069e+02
-4.590315693275213675e+02
-4.589677403960778861e+02
-4.589221013647184009e+02
-4.588941622827009610e+02
-4.588834269686436187e+02
-4.588893933977421398e+02
-4.589115540924935317e+02
-4.589493965166548151e+02
-4.590024034721488420e+02
-4.590700534986452226e+02
-4.591518212755296418e+02
-4.592471780259785987e+02
-4.593555919228612652e+02
-4.594765284961704310e+02
-4.596094510417098604e+02
-4.597538210307407667e+02
-4.599090985203072819e+02
-4.600747425639480639e+02
-4.602502116225101076e+02
-4.604349639747742913e+02
-4.606284581276073027e+02
-4.608301532253560140e+02
-4.610395094581909348e+02
-4.612559884691221441e+02
-4.614790537593978570e+02
-4.617081710920077171e+02
-4.619428088930058607e+02
-4.621824386503774917e+02
-4.624265353101691289e+02
-4.626745776696079702e+02
-4.629260487669417898e+02
-4.631804362677160611e+02
-4.634372328472385902e+02
-4.636959365689472179e+02
-4.639560512584337175e+02
-4.642170868728541109e+02
-4.644785598654764271e+02
-4.647399935451079500e+02
-4.650009184301585492e+02
-4.652608725970893602e+02
-4.655194020230099454e+02
-4.657760609221876393e+02
-4.660304120762311300e+02
-4.662820271577261337e+02
-4.665304870470959600e+02
-4.667753821424694820e+02
-4.670163126623431822e+02
-4.672528889408262103e+02
-4.674847317152662640e+02
-4.677114724060591016e+02
-4.679327533884464856e+02
-4.681482282561153170e+02
-4.683575620764181053e+02
-4.685604316370369133e+02
-4.687565256839232006e+02
-4.689455451503458789e+02
-4.691272033768944425e+02
-4.693012263222810816e+02
-4.694673527648010918e+02
-4.696253344943093566e+02
-4.697749364945826756e+02
-4.699159371159419720e+02
-4.700481282380147263e+02
-4.701713154225279823e+02
-4.702853180560244368e+02
-4.703899694824045810e+02
-4.704851171252026347e+02
-4.705706225995153318e+02
-4.706463618135022102e+02
-4.707122250593903345e+02
-4.707681170939211484e+02
-4.708139572081822166e+02
-4.708496792867775298e+02
-4.708752318562954429e+02
-4.708905781230398588e+02
-4.708956960000000436e+02
-4.708905781230398588e+02
-4.708752318562954429e+02
-4.708496792867775866e+02
-4.708139572081822166e+02
-4.707681170939211484e+02
-4.707122250593903914e+02
-4.706463618135022671e+02
-4.705706225995153318e+02
-4.704851171252025779e+02
-4.703899694824045241e+02
-4.702853180560244937e+02
-4.701713154225280391e+02
-4.700481282380146695e+02
-4.699159371159419152e+02
-4.697749364945827892e+02
-4.696253344943094703e+02
-4.694673527648009781e+02
-4.693012263222809679e+02
-4.691272033768943857e+02
-4.689455451503459926e+02
-4.687565256839232575e+02
-4.685604316370368565e+02
-4.683575620764179348e+02
-4.681482282561153170e+02
-4.679327533884465993e+02
-4.677114724060589879e+02
-4.674847317152659798e+02
-4.672528889408260966e+02
-4.670163126623432959e+02
-4.667753821424696525e+02
-4.665304870470957894e+02
-4.662820271577260201e+02
-4.660304120762311300e+02
-4.657760609221878099e+02
-4.655194020230098317e+02
-4.652608725970890760e+02
-4.650009184301587197e+02
-4.647399935451080637e+02
-4.644785598654764271e+02
-4.642170868728539972e+02
-4.639560512584336038e+02
-4.636959365689472179e+02
-4.634372328472387039e+02
-4.631804362677160043e+02
-4.629260487669414488e+02
-4.626745776696080839e+02
-4.624265353101689584e+02
-4.621824386503776623e+02
-4.619428088930059175e+02
-4.617081710920075466e+02
-4.614790537593976865e+02
-4.612559884691221441e+02
-4.610395094581907642e+02
-4.608301532253558435e+02
-4.606284581276072458e+02
-4.604349639747741207e+02
-4.602502116225103350e+02
-4.600747425639481207e+02
-4.599090985203070545e+02
-4.597538210307405393e+02
-4.596094510417098604e+02
-4.594765284961704310e+02
-4.593555919228610946e+02
-4.592471780259786556e+02
-4.591518212755296986e+02
-4.590700534986454500e+02
-4.590024034721488420e+02
-4.589493965166548719e+02
-4.589115540924934180e+02
-4.588893933977420829e+02
-4.588834269686437892e+02
-4.588941622827008473e+02
-4.589221013647182872e+02
-4.589677403960779998e+02
-4.590315693275214812e+02
-4.591140714957154501e+02
-4.592157232438687515e+02
-4.593369935466743641e+02
-4.594783436398447520e+02
-4.596402266544970416e+02
-4.598230872566601874e+02
-4.600273612921525341e+02
-4.602534754370867631e+02
-4.605018468542596111e+02
-4.607728828556615781e+02
-4.610669805713605456e+02
-4.613845266249960559e+02
-4.617258968161103780e+02
-4.620914558095612392e+02
-4.624815568322334229e+02
-4.628965413772680222e+02
-4.633367389160354151e+02
-4.638024666180549502e+02
-4.642940290790687641e+02
-4.648117180574755594e+02
-4.653558122193168742e+02
-4.659265768920001847e+02
-4.665242638269535291e+02
-4.671491109713847436e+02
-4.678013422493129383e+02
-4.684811673520494537e+02
-4.691887815382773965e+02
-4.699243654438913609e+02
-4.706880849017414903e+02
-4.714800907714220557e+02
-4.723005187792409743e+02
-4.731494893684963472e+02
-4.740271075601808093e+02
-4.749334628242287408e+02
-4.758686289614118436e+02
-4.768326639959823297e+02
-4.778256100791589915e+02
-4.788474934035389765e+02
-4.798983241285144459e+02
-4.809780963167654022e+02
-4.820867878818920644e+02
-4.832243605472402237e+02
-4.843907598159741497e+02
-4.855859149524312102e+02
-4.868097389747959483e+02
-4.880621286591189687e+02
-4.893429645546980851e+02
-4.906521110108317885e+02
-4.919894162149511203e+02
-4.933547122421207405e+02
-4.947478151159014033e+02
-4.961685248805515016e+02
-4.976166256845388602e+02
-4.990918858753316840e+02
-5.005940581054213681e+02
-5.021228794495297620e+02
-5.036780715329399527e+02
-5.052593406708883776e+02
-5.068663780189422710e+02
-5.084988597342830872e+02
-5.101564471478071709e+02
-5.118387869469485736e+02
-5.135455113691209590e+02
-5.152762384056694600e+02
-5.170305720162140233e+02
-5.188081023532573681e+02
-5.206084059969335840e+02
-5.224310461997496304e+02
-5.242755731411803026e+02
-5.261415241919634127e+02
-5.280284241879315914e+02
-5.299357857132246181e+02
-5.318631093926976519e+02
-5.338098841933591530e+02
-5.357755877346419311e+02
-5.377596866073273532e+02
-5.397616367009147780e+02
-5.417808835392420406e+02
-5.438168626241404127e+02
-5.458689997869145145e+02
-5.479367115474249204e+02
-5.500194054805465385e+02
-5.521164805897735732e+02
-5.542273276877314174e+02
-5.563513297833603701e+02
-5.584878624755165220e+02
-5.606362943527468587e+02
-5.627959873989768766e+02
-5.649662974048557089e+02
-5.671465743844913732e+02
-5.693361629973080653e+02
-5.715344029747577679e+02
-5.737406295516019554e+02
-5.759541739014949826e+02
-5.781743635765760700e+02
-5.804005229507923787e+02
-5.826319736666555400e+02
-5.848680350851520870e+02
-5.871080247385007169e+02
-5.893512587854668254e+02
-5.915970524689361127e+02
-5.938447205754388278e+02
-5.960935778963345228e+02
-5.983429396903363795e+02
-6.005921221470852061e+02
-6.028404428514508027e+02
-6.050872212482673831e+02
-6.073317791071798410e+02
-6.095734409872997048e+02
-6.118115347013567771e+02
-6.140453917790354126e+02
-6.162743479291895028e+02
-6.184977435006159112e+02
-6.207149239410858854e+02
-6.229252402543164635e+02
-6.251280494545814008e+02
-6.273227150186435210e+02
-6.295086073347079036e+02
-6.316851041480912272e+02
-6.338515910032933789e+02
-6.360074616821855216e+02
-6.381521186379948176e+02
-6.402849734248036384e+02
-6.424054471222538041e+02
-6.445129707551770935e+02
-6.466069857078447285e+02
-6.486869441325588923e+02
-6.507523093523012676e+02
-6.528025562571468754e+02
-6.548371716941799150e+02
-6.568556548506254558e+02
-6.588575176299292480e+02
-6.608422850205213308e+02
-6.628094954570019581e+02
-6.647587011734854059e+02
-6.666894685488548475e+02
-6.686013784436746619e+02
-6.704940265285219994e+02
-6.723670236034923846e+02
-6.742199959086460694e+02
-6.760525854251774263e+02
-6.778644501670668205e+02
-6.796552644630139639e+02
-6.814247192284310586e+02
-6.831725222272989413e+02
-6.848983983236761333e+02
-6.866020897226799207e+02
-6.882833562007431283e+02
-6.899419753249732139e+02
-6.915777426614356500e+02
-6.931904719721978836e+02
-6.947799954009734620e+02
-6.963461636472097780e+02
-6.978888461284840332e+02
-6.994079311310534877e+02
-7.009033259484446035e+02
-7.023749570079456817e+02
-7.038227699848919201e+02
-7.052467299046348899e+02
-7.066468212320922930e+02
-7.080230479487858020e+02
-7.093754336172828516e+02
-7.107040214329649643e+02
-7.120088742630475735e+02
-7.132900746727995056e+02
-7.145477249388965220e+02
-7.157819470498758392e+02
-7.169928826936427413e+02
-7.181806932320082524e+02
-7.193455596622338817e+02
-7.204876825655666153e+02
-7.216072820427721126e+02
-7.227045976366501918e+02
-7.237798882415660273e+02
-7.248334319999999025e+02
-7.258655261861556482e+02
-7.268764870766569857e+02
-7.278666498083834995e+02
-7.288363682234934231e+02
-7.297860147017000827e+02
-7.307159799798675976e+02
-7.316266729590080331e+02
-7.325185204987631096e+02
-7.333919671994641476e+02
-7.342474751718779089e+02
-7.350855237947413343e+02
-7.359066094602081876e+02
-7.367112453073369807e+02
-7.374999609437413710e+02
-7.382733021555640107e+02
-7.390318306059034512e+02
-7.397761235218674756e+02
-7.405067733704064494e+02
-7.412243875231065431e+02
-7.419295879101132414e+02
-7.426230106633831838e+02
-7.433053057494466884e+02
-7.439771365918896890e+02
-7.446391796837574475e+02
-7.452921241900987752e+02
-7.459366715408700657e+02
-7.465735350144208269e+02
-7.472034393118075286e+02
-7.478271201221638194e+02
-7.484453236793781343e+02
-7.490588063103317609e+02
-7.496683339749549759e+02
-7.502746817983630763e+02
-7.508786335953431035e+02
-7.514809813874662723e+02
-7.520825249131055443e+02
-7.526840711306422236e+02
-7.532864337151515883e+02
-7.538904325488630320e+02
-7.544968932056931408e+02
-7.551066464301535461e+02
-7.557205276109431225e+02
-7.563393762495326200e+02
-7.569640354240623310e+02
-7.575953512488633805e+02
-7.582341723299335854e+02
-7.588813492166850665e+02
-7.595377338503004694e+02
-7.602041790090174800e+02
-7.608815377506867890e+02
-7.615706628529337650e+02
-7.622724062512601222e+02
-7.629876184754315318e+02
-7.637171480844884854e+02
-7.644618411007270424e+02
-7.652225404429905211e+02
-7.660000853596227444e+02
-7.667953108614269695e+02
-7.676090471549799759e+02
-7.684421190766462360e+02
-7.692953455276441446e+02
-7.701695389105143477e+02
-7.710655045673303221e+02
-7.719840402200103426e+02
-7.729259354130696238e+02
-7.738919709591659739e+02
-7.748829183877766127e+02
-7.758995393973606269e+02
-7.769425853113425546e+02
-7.780127965382608863e+02
-7.791109020364215212e+02
-7.802376187833951917e+02
-7.813936512506902545e+02
-7.825796908839361095e+02
-7.837964155889081894e+02
-7.850444892237194381e+02
-7.863245610975038744e+02
-7.876372654759126135e+02
-7.889832210937378250e+02
-7.903630306749839747e+02
-7.917772804606859154e+02
-7.932265397447914665e+02
-7.947113604183971347e+02
-7.962322765226482488e+02
-7.977898038105763590e+02
-7.993844393181832402e+02
-8.010166609450346868e+02
-8.026869270446532028e+02
-8.043956760249723175e+02
-8.061433259591287879e+02
-8.079302742068410907e+02
-8.097568970466385281e+02
-8.116235493191807109e+02
-8.135305640819184418e+02
-8.154782522753228022e+02
-8.174669024009172063e+02
-8.194967802113308153e+02
-8.215681284125942057e+02
-8.236811663788793112e+02
-8.258360898798904373e+02
-8.280330708210934745e+02
-8.302722569969840833e+02
-8.325537718575517374e+02
-8.348777142881383497e+02
-8.372441584028287025e+02
-8.396531533515507135e+02
-8.421047231410178711e+02
-8.445988664696658361e+02
-8.471355565767028111e+02
-8.497147411054124859e+02
-8.523363419808081289e+02
-8.550002553017601485e+02
-8.577063512476835285e+02
-8.604544739998847263e+02
-8.632444416776388607e+02
-8.660760462890843883e+02
-8.689490536969809682e+02
-8.718632035994045282e+02
-8.748182095254063597e+02
-8.778137588456979756e+02
-8.808495127983587736e+02
-8.839251065296216439e+02
-8.870401491497143525e+02
-8.901942238037840980e+02
-8.933868877578792080e+02
-8.966176724999876342e+02
-8.998860838560910906e+02
-9.031916021212169881e+02
-9.065336822054285904e+02
-9.099117537947191749e+02
-9.133252215267286829e+02
-9.167734651812356788e+02
-9.202558398853226436e+02
-9.237716763331490029e+02
-9.273202810202149067e+02
-9.309009364920322014e+02
-9.345129016070627586e+02
-9.381554118138336662e+02
-9.418276794420613669e+02
-9.455288940076854942e+02
-9.492582225316234599e+02
-9.530148098721267615e+02
-9.567977790705454026e+02
-9.606062317103487658e+02
-9.644392482892048974e+02
-9.682958886039474464e+02
-9.721751921482140233e+02
-9.760761785225722633e+02
-9.799978478568999662e+02
-9.839391812448232031e+02
-9.878991411899623927e+02
-9.918766720637710250e+02
-9.958707005747123731e+02
-9.998801362485380650e+02
-1.003903871919400558e+03
-1.007940784231544399e+03
-1.011989734151315247e+03
-1.016049567489193123e+03
-1.020119115431590899e+03
-1.024197195082108237e+03
-1.028282610011973475e+03
-1.032374150819347733e+03
-1.036470595697210683e+03
-1.040570711009498382e+03
-1.044673251875199639e+03
-1.048776962760064407e+03
-1.052880578075629728e+03
-1.056982822785201961e+03
-1.061082413016495366e+03
-1.065178056680551208e+03
-1.069268454096635878e+03
-1.073352298622731723e+03
-1.077428277291308859e+03
-1.081495071449987790e+03
-1.085551357406771331e+03
-1.089595807079457472e+03
-1.093627088648894187e+03
-1.097643867215686669e+03
-1.101644805460021871e+03
-1.105628564304202882e+03
-1.109593803577558219e+03
-1.113539182683321997e+03
-1.117463361267138225e+03
-1.121364999886784517e+03
-1.125242760682767766e+03
-1.129095308049384357e+03
-1.132921309305898149e+03
-1.136719435367420147e+03
-1.140488361415151985e+03
-1.144226767565573482e+03
-1.147933339538235714e+03
-1.151606769321737829e+03
-1.155245755837554043e+03
-1.158849005601299723e+03
-1.162415233381081862e+03
-1.165943162852546266e+03
-1.169431527250265162e+03
-1.172879070015073012e+03
-1.176284545437007637e+03
-1.179646719293460364e+03
-1.182964369482208440e+03
-1.186236286648928854e+03
-1.189461274808870712e+03
-1.192638151962301663e+03
-1.195765750703406866e+03
-1.198842918822259662e+03
-1.201868519899551984e+03
-1.204841433893716612e+03
-1.207760557720130237e+03
-1.210624805822038752e+03
-1.213433110732907153e+03
-1.216184423629847288e+03
-1.218877714877818562e+03
-1.221511974564289176e+03
-1.224086213024047083e+03
-1.226599461353860534e+03
-1.229050771916698068e+03
-1.231439218835207612e+03
-1.233763898474184543e+03
-1.236023929911739515e+03
-1.238218455398903870e+03
-1.240346640807401172e+03
-1.242407676065337000e+03
-1.244400775580544178e+03
-1.246325178651351052e+03
-1.248180149864527266e+03
-1.249964979480188731e+03
-1.251678983803424671e+03
-1.253321505542451177e+03
-1.254891914153068228e+03
-1.256389606169234412e+03
-1.257814005519557668e+03
-1.259164563829533336e+03
-1.260440760709339656e+03
-1.261642104027037476e+03
-1.262768130167009303e+03
-1.263818404273492661e+03
-1.264792520479064933e+03
-1.265690102117949209e+03
-1.266510801924016050e+03
-1.267254302213369783e+03
-1.267920315051413809e+03
-1.268508582404293520e+03
-1.269018876274637933e+03
-1.269450998821511803e+03
-1.269804782464519803e+03
-1.270080089971992265e+03
-1.270276814533208835e+03
-1.270394879814614796e+03
-1.270434240000000273e+03
-1.270394879814614796e+03
-1.270276814533208835e+03
-1.270080089971992265e+03
-1.269804782464519803e+03
-1.269450998821511803e+03
-1.269018876274637933e+03
-1.268508582404293520e+03
-1.267920315051413809e+03
-1.267254302213369783e+03
-1.266510801924016050e+03
-1.265690102117948982e+03
-1.264792520479064933e+03
-1.263818404273492433e+03
-1.262768130167009303e+03
-1.261642104027037476e+03
-1.260440760709339884e+03
-1.259164563829533108e+03
-1.257814005519557668e+03
-1.256389606169234412e+03
-1.254891914153068683e+03
-1.253321505542450950e+03
-1.251678983803424899e+03
-1.249964979480188731e+03
-1.248180149864527493e+03
-1.246325178651350825e+03
-1.244400775580544178e+03
-1.242407676065336773e+03
-1.240346640807401172e+03
-1.238218455398903643e+03
-1.236023929911739515e+03
-1.233763898474184543e+03
-1.231439218835207839e+03
-1.229050771916698068e+03
-1.226599461353860534e+03
-1.224086213024047311e+03
-1.221511974564289631e+03
-1.218877714877819017e+03
-1.216184423629847970e+03
-1.213433110732908062e+03
-1.210624805822038752e+03
-1.207760557720130464e+03
-1.204841433893717294e+03
-1.201868519899552439e+03
-1.198842918822259662e+03
-1.195765750703406866e+03
-1.192638151962302118e+03
-1.189461274808870712e+03
-1.186236286648928854e+03
-1.182964369482208213e+03
-1.179646719293460592e+03
-1.176284545437007409e+03
-1.172879070015073239e+03
-1.169431527250265617e+03
-1.165943162852546493e+03
-1.162415233381082089e+03
-1.158849005601300405e+03
-1.155245755837554952e+03
-1.151606769321738057e+03
-1.147933339538235714e+03
-1.144226767565574391e+03
-1.140488361415151985e+03
-1.136719435367420147e+03
-1.132921309305898149e+03
-1.129095308049385267e+03
-1.125242760682767994e+03
-1.121364999886784744e+03
-1.117463361267137998e+03
-1.113539182683322679e+03
-1.109593803577558447e+03
-1.105628564304202882e+03
-1.101644805460022781e+03
-1.097643867215686896e+03
-1.093627088648894187e+03
-1.089595807079457700e+03
-1.085551357406772013e+03
-1.081495071449988018e+03
-1.077428277291308859e+03
-1.073352298622732178e+03
-1.069268454096636333e+03
-1.065178056680551208e+03
-1.061082413016495366e+03
-1.056982822785202870e+03
-1.052880578075629955e+03
-1.048776962760064634e+03
-1.044673251875199412e+03
-1.040570711009499064e+03
-1.036470595697211138e+03
-1.032374150819347506e+03
-1.028282610011974157e+03
-1.024197195082108237e+03
-1.020119115431591013e+03
-1.016049567489193123e+03
-1.011989734151316156e+03
-1.007940784231544626e+03
-1.003903871919400558e+03
-9.998801362485389745e+02
-9.958707005747130552e+02
-9.918766720637704566e+02
-9.878991411899620516e+02
-9.839391812448230894e+02
-9.799978478569000799e+02
-9.760761785225712401e+02
-9.721751921482140233e+02
-9.682958886039473327e+02
-9.644392482892052385e+02
-9.606062317103481973e+02
-9.567977790705460848e+02
-9.530148098721265342e+02
-9.492582225316238009e+02
-9.455288940076848121e+02
-9.418276794420621627e+02
-9.381554118138330978e+02
-9.345129016070629859e+02
-9.309009364920319740e+02
-9.273202810202155888e+02
-9.237716763331483207e+02
-9.202558398853226436e+02
-9.167734651812354514e+02
-9.133252215267289102e+02
-9.099117537947184928e+02
-9.065336822054285904e+02
-9.031916021212166470e+02
-8.998860838560913180e+02
-8.966176724999871794e+02
-8.933868877578797765e+02
-8.901942238037837569e+02
-8.870401491497146935e+02
-8.839251065296211891e+02
-8.808495127983593420e+02
-8.778137588456975209e+02
-8.748182095254067008e+02
-8.718632035994041871e+02
-8.689490536969815366e+02
-8.660760462890840472e+02
-8.632444416776388607e+02
-8.604544739998844989e+02
-8.577063512476838696e+02
-8.550002553017596938e+02
-8.523363419808081289e+02
-8.497147411054124859e+02
-8.471355565767030384e+02
-8.445988664696653814e+02
-8.421047231410179847e+02
-8.396531533515505998e+02
-8.372441584028289299e+02
-8.348777142881380087e+02
-8.325537718575521922e+02
-8.302722569969838560e+02
-8.280330708210939292e+02
-8.258360898798904373e+02
-8.236811663788799933e+02
-8.215681284125939783e+02
-8.194967802113305879e+02
-8.174669024009169789e+02
-8.154782522753230296e+02
-8.135305640819184418e+02
-8.116235493191807109e+02
-8.097568970466388691e+02
-8.079302742068416592e+02
-8.061433259591291289e+02
-8.043956760249720901e+02
-8.026869270446537712e+02
-8.010166609450349142e+02
-7.993844393181833539e+02
-7.977898038105765863e+02
-7.962322765226484762e+02
-7.947113604183977031e+02
-7.932265397447914665e+02
-7.917772804606862564e+02
-7.903630306749842021e+02
-7.889832210937378250e+02
-7.876372654759124998e+02
-7.863245610975039881e+02
-7.850444892237196655e+02
-7.837964155889081894e+02
-7.825796908839363368e+02
-7.813936512506904819e+02
-7.802376187833956465e+02
-7.791109020364215212e+02
-7.780127965382612274e+02
-7.769425853113427820e+02
-7.758995393973608543e+02
-7.748829183877768401e+02
-7.738919709591660876e+02
-7.729259354130698512e+02
-7.719840402200103426e+02
-7.710655045673306631e+02
-7.701695389105146887e+02
-7.692953455276442583e+02
-7.684421190766460086e+02
-7.676090471549802032e+02
-7.667953108614270832e+02
-7.660000853596225170e+02
-7.652225404429902937e+02
-7.644618411007271561e+02
-7.637171480844888265e+02
-7.629876184754311907e+02
-7.622724062512604633e+02
-7.615706628529338786e+02
-7.608815377506870163e+02
-7.602041790090177074e+02
-7.595377338503009241e+02
-7.588813492166852939e+02
-7.582341723299335854e+02
-7.575953512488637216e+02
-7.569640354240625584e+02
-7.563393762495328474e+02
-7.557205276109430088e+02
-7.551066464301537735e+02
-7.544968932056932545e+02
-7.538904325488629183e+02
-7.532864337151513610e+02
-7.526840711306423373e+02
-7.520825249131058854e+02
-7.514809813874660449e+02
-7.508786335953433309e+02
-7.502746817983631900e+02
-7.496683339749549759e+02
-7.490588063103318746e+02
-7.484453236793783617e+02
-7.478271201221640467e+02
-7.472034393118077560e+02
-7.465735350144209406e+02
-7.459366715408701793e+02
-7.452921241900990026e+02
-7.446391796837572201e+02
-7.439771365918896890e+02
-7.433053057494469158e+02
-7.426230106633832975e+02
-7.419295879101130140e+02
-7.412243875231065431e+02
-7.405067733704065631e+02
-7.397761235218671345e+02
-7.390318306059039060e+02
-7.382733021555641244e+02
-7.374999609437414847e+02
-7.367112453073370943e+02
-7.359066094602084149e+02
-7.350855237947409933e+02
-7.342474751718779089e+02
-7.333919671994643750e+02
-7.325185204987632233e+02
-7.316266729590079194e+02
-7.307159799798672566e+02
-7.297860147016999690e+02
-7.288363682234935368e+02
-7.278666498083834995e+02
-7.268764870766567583e+02
-7.258655261861557619e+02
-7.248334320000000162e+02
-7.237798882415656863e+02
-7.227045976366505329e+02
-7.216072820427719989e+02
-7.204876825655667290e+02
-7.193455596622330859e+02
-7.181806932320087071e+02
-7.169928826936426276e+02
-7.157819470498758392e+02
-7.145477249388967493e+02
-7.132900746727996193e+02
-7.120088742630474599e+02
-7.107040214329648506e+02
-7.093754336172830790e+02
-7.080230479487860293e+02
-7.066468212320922930e+02
-7.052467299046346625e+02
-7.038227699848919201e+02
-7.023749570079456817e+02
-7.009033259484443761e+02
-6.994079311310538287e+02
-6.978888461284839195e+02
-6.963461636472098917e+02
-6.947799954009726662e+02
-6.931904719721984520e+02
-6.915777426614355363e+02
-6.899419753249731002e+02
-6.882833562007433557e+02
-6.866020897226800344e+02
-6.848983983236759059e+02
-6.831725222272988276e+02
-6.814247192284312860e+02
-6.796552644630138502e+02
-6.778644501670667069e+02
-6.760525854251774263e+02
-6.742199959086460694e+02
-6.723670236034922709e+02
-6.704940265285226815e+02
-6.686013784436750029e+02
-6.666894685488549612e+02
-6.647587011734858606e+02
-6.628094954570021855e+02
-6.608422850205216719e+02
-6.588575176299294753e+02
-6.568556548506252284e+02
-6.548371716941796876e+02
-6.528025562571467617e+02
-6.507523093523012676e+02
-6.486869441325587786e+02
-6.466069857078448422e+02
-6.445129707551772071e+02
-6.424054471222538041e+02
-6.402849734248028426e+02
-6.381521186379954997e+02
-6.360074616821854079e+02
-6.338515910032934926e+02
-6.316851041480911135e+02
-6.295086073347083584e+02
-6.273227150186435210e+02
-6.251280494545814008e+02
-6.229252402543165772e+02
-6.207149239410859991e+02
-6.184977435006156838e+02
-6.162743479291892754e+02
-6.140453917790354126e+02
-6.118115347013565497e+02
-6.095734409872995911e+02
-6.073317791071800684e+02
-6.050872212482676105e+02
-6.028404428514509164e+02
-6.005921221470845239e+02
-5.983429396903371753e+02
-5.960935778963342955e+02
-5.938447205754389415e+02
-5.915970524689355443e+02
-5.893512587854673939e+02
-5.871080247385008306e+02
-5.848680350851523144e+02
-5.826319736666558811e+02
-5.804005229507926060e+02
-5.781743635765759564e+02
-5.759541739014947552e+02
-5.737406295516019554e+02
-5.715344029747577679e+02
-5.693361629973081790e+02
-5.671465743844913732e+02
-5.649662974048560500e+02
-5.627959873989771040e+02
-5.606362943527462903e+02
-5.584878624755170904e+02
-5.563513297833601428e+02
-5.542273276877314174e+02
-5.521164805897732322e+02
-5.500194054805468795e+02
-5.479367115474248067e+02
-5.458689997869147419e+02
-5.438168626241408674e+02
-5.417808835392426090e+02
-5.397616367009148917e+02
-5.377596866073272395e+02
-5.357755877346418174e+02
-5.338098841933590393e+02
-5.318631093926977655e+02
-5.299357857132246181e+02
-5.280284241879319325e+02
-5.261415241919636401e+02
-5.242755731411800753e+02
-5.224310461997500852e+02
-5.206084059969333566e+02
-5.188081023532572544e+02
-5.170305720162141370e+02
-5.152762384056698011e+02
-5.135455113691208453e+02
-5.118387869469486873e+02
-5.101564471478075120e+02
-5.084988597342835419e+02
-5.068663780189422710e+02
-5.052593406708881503e+02
-5.036780715329396685e+02
-5.021228794495298757e+02
-5.005940581054215954e+02
-4.990918858753316840e+02
-4.976166256845390876e+02
-4.961685248805517290e+02
-4.947478151159012896e+02
-4.933547122421206268e+02
-4.919894162149510066e+02
-4.906521110108316748e+02
-4.893429645546981988e+02
-4.880621286591190824e+02
-4.868097389747959483e+02
-4.855859149524314375e+02
-4.843907598159743770e+02
-4.832243605472403942e+02
-4.820867878818919507e+02
-4.809780963167655727e+02
-4.798983241285142185e+02
-4.788474934035389765e+02
-4.778256100791592189e+02
-4.768326639959825002e+02
-4.758686289614122416e+02
-4.749334628242289682e+02
-4.740271075601805819e+02
-4.731494893684962904e+02
-4.723005187792409174e+02
-4.714800907714219989e+02
-4.706880849017419450e+02
-4.699243654438913040e+02
-4.691887815382773965e+02
-4.684811673520497948e+02
-4.678013422493131657e+02
-4.671491109713846868e+02
-4.665242638269536997e+02
-4.659265768919999005e+02
-4.653558122193167605e+02
-4.648117180574758436e+02
-4.642940290790687641e+02
-4.638024666180550639e+02
-4.633367389160358698e+02
-4.628965413772680790e+02
-4.624815568322331956e+02
-4.620914558095615234e+02
-4.617258968161102075e+02
-4.613845266249959423e+02
-4.610669805713613414e+02
-4.607728828556611234e+02
-4.605018468542596679e+02
-4.602534754370872747e+02
-4.600273612921530457e+02
-4.598230872566603580e+02
-4.596402266544971553e+02
-4.594783436398445815e+02
-4.593369935466746483e+02
-4.592157232438686947e+02
-4.591140714957157911e+02
-4.590315693275215381e+02
-4.589677403960776019e+02
-4.589221013647183440e+02
-4.588941622827013589e+02
-4.588834269686439029e+02
-4.588893933977423103e+02
-4.589115540924933043e+02
-4.589493965166547582e+02
-4.590024034721488420e+02
-4.590700534986453363e+02
-4.591518212755297554e+02
-4.592471780259791103e+02
-4.593555919228611515e+02
-4.594765284961704879e+02
-4.596094510417096899e+02
-4.597538210307408235e+02
-4.599090985203071682e+02
-4.600747425639484049e+02
-4.602502116225103919e+02
-4.604349639747743481e+02
-4.606284581276073595e+02
-4.608301532253562982e+02
-4.610395094581912190e+02
-4.612559884691222578e+02
-4.614790537593976296e+02
-4.617081710920077171e+02
-4.619428088930060881e+02
-4.621824386503772644e+02
-4.624265353101691858e+02
-4.626745776696085386e+02
-4.629260487669414488e+02
-4.631804362677162317e+02
-4.634372328472388745e+02
-4.636959365689471042e+02
-4.639560512584336038e+02
-4.642170868728542246e+02
-4.644785598654763703e+02
-4.647399935451082911e+02
-4.650009184301590039e+02
-4.652608725970890760e+02
-4.655194020230101160e+02
-4.657760609221878099e+02
-4.660304120762310731e+02
-4.662820271577261906e+02
-4.665304870470959600e+02
-4.667753821424693115e+02
-4.670163126623435232e+02
-4.672528889408263808e+02
-4.674847317152661503e+02
-4.677114724060591584e+02
-4.679327533884468266e+02
-4.681482282561152601e+02
-4.683575620764179916e+02
-4.685604316370370270e+02
-4.687565256839232006e+02
-4.689455451503460495e+02
-4.691272033768946130e+02
-4.693012263222809679e+02
-4.694673527648010918e+02
-4.696253344943094135e+02
-4.697749364945827324e+02
-4.699159371159420289e+02
-4.700481282380147832e+02
-4.701713154225279254e+02
-4.702853180560245505e+02
-4.703899694824045810e+02
-4.704851171252025779e+02
-4.705706225995153318e+02
-4.706463618135023239e+02
-4.707122250593904482e+02
-4.707681170939212052e+02
-4.708139572081822166e+02
-4.708496792867775298e+02
-4.708752318562954429e+02
-4.708905781230398588e+02
-4.708956960000000436e+02
-4.708905781230398588e+02
-4.708752318562954429e+02
-4.708496792867775866e+02
-4.708139572081822166e+02
-4.707681170939211484e+02
-4.707122250593904482e+02
-4.706463618135022102e+02
-4.705706225995152749e+02
-4.704851171252026916e+02
-4.703899694824045241e+02
-4.702853180560244368e+02
-4.701713154225279823e+02
-4.700481282380147263e+02
-4.699159371159419152e+02
-4.697749364945827324e+02
-4.696253344943092998e+02
-4.694673527648008076e+02
-4.693012263222811384e+02
-4.691272033768942720e+02
-4.689455451503459358e+02
-4.687565256839232006e+02
-4.685604316370369133e+02
-4.683575620764176506e+02
-4.681482282561155444e+02
-4.679327533884463719e+02
-4.677114724060588742e+02
-4.674847317152662640e+02
-4.672528889408261534e+02
-4.670163126623430117e+02
-4.667753821424695957e+02
-4.665304870470959031e+02
-4.662820271577260201e+02
-4.660304120762310731e+02
-4.657760609221874688e+02
-4.655194020230096044e+02
-4.652608725970892465e+02
-4.650009184301584355e+02
-4.647399935451078932e+02
-4.644785598654764271e+02
-4.642170868728541109e+02
-4.639560512584330922e+02
-4.636959365689475021e+02
-4.634372328472387608e+02
-4.631804362677157769e+02
-4.629260487669410509e+02
-4.626745776696080839e+02
-4.624265353101687310e+02
-4.621824386503777191e+02
-4.619428088930059175e+02
-4.617081710920074897e+02
-4.614790537593974022e+02
-4.612559884691217462e+02
-4.610395094581910485e+02
-4.608301532253561277e+02
-4.606284581276071890e+02
-4.604349639747738934e+02
-4.602502116225098234e+02
-4.600747425639482344e+02
-4.599090985203069408e+02
-4.597538210307409940e+02
-4.596094510417099741e+02
-4.594765284961700331e+02
-4.593555919228606399e+02
-4.592471780259785419e+02
-4.591518212755291302e+02
-4.590700534986455636e+02
-4.590024034721490125e+02
-4.589493965166545877e+02
-4.589115540924938728e+02
-4.588893933977416850e+02
-4.588834269686437324e+02
-4.588941622827011315e+02
-4.589221013647181735e+02
-4.589677403960773177e+02
-4.590315693275217654e+02
-4.591140714957155637e+02
-4.592157232438684673e+02
-4.593369935466748757e+02
-4.594783436398447520e+02
-4.596402266544965869e+02
-4.598230872566605854e+02
-4.600273612921524204e+02
-4.602534754370865926e+02
-4.605018468542598953e+02
-4.607728828556614076e+02
-4.610669805713606593e+02
-4.613845266249965675e+02
-4.617258968161099801e+02
-4.620914558095612961e+02
-4.624815568322334229e+02
-4.628965413772678517e+02
-4.633367389160354151e+02
-4.638024666180552344e+02
-4.642940290790686504e+02
-4.648117180574756162e+02
-4.653558122193173858e+02
-4.659265768920001847e+02
-4.665242638269531881e+02
-4.671491109713848005e+02
-4.678013422493129383e+02
-4.684811673520491695e+02
-4.691887815382776807e+02
-4.699243654438915314e+02
-4.706880849017414903e+02
-4.714800907714225673e+02
-4.723005187792408606e+02
-4.731494893684961767e+02
-4.740271075601808661e+02
-4.749334628242287408e+02
-4.758686289614118436e+02
-4.768326639959825002e+02
-4.778256100791592189e+02
-4.788474934035388628e+02
-4.798983241285147869e+02
-4.809780963167656864e+02
-4.820867878818917802e+02
-4.832243605472403942e+02
-4.843907598159740360e+02
-4.855859149524308691e+02
-4.868097389747963462e+02
-4.880621286591191961e+02
-4.893429645546979714e+02
-4.906521110108322432e+02
-4.919894162149511203e+02
-4.933547122421206268e+02
-4.947478151159016306e+02
-4.961685248805513879e+02
-4.976166256845389739e+02
-4.990918858753316840e+02
-5.005940581054216523e+02
-5.021228794495297620e+02
-5.036780715329401232e+02
-5.052593406708883776e+02
-5.068663780189423278e+02
-5.084988597342834282e+02
-5.101564471478071709e+02
-5.118387869469482325e+02
-5.135455113691214137e+02
-5.152762384056700284e+02
-5.170305720162141370e+02
-5.188081023532577092e+02
-5.206084059969336977e+02
-5.224310461997495167e+02
-5.242755731411805300e+02
-5.261415241919632990e+02
-5.280284241879321598e+02
-5.299357857132243907e+02
-5.318631093926981066e+02
-5.338098841933590393e+02
-5.357755877346422722e+02
-5.377596866073272395e+02
-5.397616367009151190e+02
-5.417808835392423816e+02
-5.438168626241405263e+02
-5.458689997869142871e+02
-5.479367115474253751e+02
-5.500194054805468795e+02
-5.521164805897735732e+02
-5.542273276877316448e+02
-5.563513297833604838e+02
-5.584878624755166356e+02
-5.606362943527467451e+02
-5.627959873989767630e+02
-5.649662974048565047e+02
-5.671465743844910321e+02
-5.693361629973087474e+02
-5.715344029747578816e+02
-5.737406295516020691e+02
-5.759541739014947552e+02
-5.781743635765760700e+02
-5.804005229507920376e+02
-5.826319736666554263e+02
-5.848680350851519734e+02
-5.871080247385006032e+02
-5.893512587854673939e+02
-5.915970524689354306e+02
-5.938447205754388278e+02
-5.960935778963344092e+02
-5.983429396903369479e+02
-6.005921221470846376e+02
-6.028404428514505753e+02
-6.050872212482672694e+02
-6.073317791071795000e+02
-6.095734409872992501e+02
-6.118115347013566634e+02
-6.140453917790355263e+02
-6.162743479291893891e+02
-6.184977435006157975e+02
-6.207149239410855444e+02
-6.229252402543161224e+02
-6.251280494545812871e+02
-6.273227150186432937e+02
-6.295086073347084721e+02
-6.316851041480912272e+02
-6.338515910032931515e+02
-6.360074616821852942e+02
-6.381521186379953861e+02
-6.402849734248029563e+02
-6.424054471222536904e+02
-6.445129707551770935e+02
-6.466069857078441601e+02
-6.486869441325585512e+02
-6.507523093523013813e+02
-6.528025562571469891e+02
-6.548371716941799150e+02
-6.568556548506253421e+02
-6.588575176299289069e+02
-6.608422850205211034e+02
-6.628094954570019581e+02
-6.647587011734856333e+02
-6.666894685488550749e+02
-6.686013784436752303e+02
-6.704940265285222267e+02
-6.723670236034921572e+02
-6.742199959086468652e+02
-6.760525854251774263e+02
-6.778644501670669342e+02
-6.796552644630137365e+02
-6.814247192284306038e+02
-6.831725222272984865e+02
-6.848983983236765880e+02
-6.866020897226803754e+02
-6.882833562007429009e+02
-6.899419753249731002e+02
-6.915777426614356500e+02
-6.931904719721982246e+02
-6.947799954009734620e+02
-6.963461636472100054e+02
-6.978888461284842606e+02
-6.994079311310538287e+02
-7.009033259484443761e+02
-7.023749570079453406e+02
-7.038227699848924885e+02
-7.052467299046351172e+02
-7.066468212320924067e+02
-7.080230479487858020e+02
-7.093754336172823969e+02
-7.107040214329642822e+02
-7.120088742630480283e+02
-7.132900746727998467e+02
-7.145477249388961809e+02
-7.157819470498758392e+02
-7.169928826936426276e+02
-7.181806932320084798e+02
-7.193455596622336543e+02
-7.204876825655669563e+02
-7.216072820427721126e+02
-7.227045976366504192e+02
-7.237798882415656863e+02
-7.248334319999997888e+02
